-- Khởi tạo biến cơ bản
local Player = game:GetService("Players").LocalPlayer
local PlayerGui = Player:WaitForChild("PlayerGui")

-- Xóa UI cũ nếu đã chạy trước đó để không bị đè lên nhau
if PlayerGui:FindFirstChild("ChuoiRayHub_UI") then
    PlayerGui:FindFirstChild("ChuoiRayHub_UI"):Destroy()
end

-- TẠO GIAO DIỆN (UI) - Dựa trên mẫu bạn gửi
local ScreenGui = Instance.new("ScreenGui")
ScreenGui.Name = "ChuoiRayHub_UI"
ScreenGui.Parent = PlayerGui
ScreenGui.ZIndexBehavior = Enum.ZIndexBehavior.Sibling

local MainFrame = Instance.new("Frame", ScreenGui)
MainFrame.Name = "MainFrame"
MainFrame.BackgroundColor3 = Color3.fromRGB(243, 222, 255)
MainFrame.BackgroundTransparency = 0.49
MainFrame.BorderSizePixel = 0
MainFrame.Position = UDim2.new(0.5, -190, 0.2, 0) -- Căn giữa màn hình cho dễ nhìn
MainFrame.Size = UDim2.new(0, 380, 0, 224)
Instance.new("UICorner", MainFrame)

local Stroke = Instance.new("UIStroke", MainFrame)
Stroke.Thickness = 2

-- Hiển thị Level
local LevelLabel = Instance.new("TextLabel", MainFrame)
LevelLabel.BackgroundTransparency = 1
LevelLabel.Position = UDim2.new(0, 8, 0, 2)
LevelLabel.Size = UDim2.new(0, 150, 0, 34)
LevelLabel.Font = Enum.Font.SourceSansBold
LevelLabel.TextColor3 = Color3.fromRGB(35, 0, 0)
LevelLabel.TextSize = 16
LevelLabel.TextXAlignment = Enum.TextXAlignment.Left
LevelLabel.Text = "LEVEL: Đang tải..."

-- Hiển thị Tên người chơi
local NameLabel = Instance.new("TextLabel", MainFrame)
NameLabel.BackgroundTransparency = 1
NameLabel.Position = UDim2.new(0, 220, 0, 2)
NameLabel.Size = UDim2.new(0, 150, 0, 34)
NameLabel.Font = Enum.Font.SourceSansBold
NameLabel.TextColor3 = Color3.fromRGB(35, 0, 0)
NameLabel.TextSize = 14
NameLabel.TextXAlignment = Enum.TextXAlignment.Right
NameLabel.Text = "Name: " .. Player.Name

-- Tiêu đề Hub
local HubTitle = Instance.new("TextLabel", MainFrame)
HubTitle.BackgroundTransparency = 1
HubTitle.Position = UDim2.new(0, 0, 0, 70)
HubTitle.Size = UDim2.new(1, 0, 0, 30)
HubTitle.Font = Enum.Font.SourceSansItalic
HubTitle.TextSize = 18
HubTitle.Text = "chuoirayhub kaitun"

-- Label thông báo (Phần quan trọng nhất)
local StatusLabel = Instance.new("TextLabel", MainFrame)
StatusLabel.BackgroundTransparency = 1
StatusLabel.Position = UDim2.new(0, 0, 0, 120)
StatusLabel.Size = UDim2.new(1, 0, 0, 50)
StatusLabel.Font = Enum.Font.SourceSansBold
StatusLabel.TextSize = 15
StatusLabel.Text = "Đang khởi tạo..."

-- Cập nhật Level liên tục
task.spawn(function()
    while true do
        pcall(function()
            local lv = Player.Data:FindFirstChild("Level") and Player.Data.Level.Value or 0
            LevelLabel.Text = "LEVEL: " .. tostring(lv)
        end)
        task.wait(1)
    end
end)

--- LOGIC CHỜ 7 GIÂY VÀ CHẠY AUTO LEVEL ---
task.spawn(function()
    -- 5 giây đầu: Báo lỗi Beta
    StatusLabel.Text = "script đang ở beta nên hơi lỗi thông cảm"
    task.wait(5)
    
    -- 2 giây sau: Chuẩn bị
    StatusLabel.Text = "Đang chuẩn bị farm..."
    task.wait(2)
    
    StatusLabel.Text = "Trạng thái: Đang chạy Auto Level!"

    -------------------------------------------------------
    -- DÁN CODE AUTOLEVEL CỦA BẠN VÀO DƯỚI ĐÂY --
    -------------------------------------------------------
    print("Code Farm đã được kích hoạt!")
    
L_1_[22] = (L_1_[5]:WaitForChild("Data")):WaitForChild("Level")
function CheckLevel2()
	local L_28_ = {}
	L_28_[2] = (game:GetService("Players"))["LocalPlayer"]["Data"]["Level"]["Value"]
	if Old_World then
		if game["Players"]["LocalPlayer"]["Data"]["Level"]["Value"] == 1 or game["Players"]["LocalPlayer"]["Data"]["Level"]["Value"] <= 9 or SelectMonster == "" then
			Ms = "Bandit"
			NameQuest = "BanditQuest1"
			QuestLv = 1
			NameMon = "Bandit"
			CFrameQ = CFrame["new"](1059.37195, 15.4495068, 1550.4231, .939700544, 0, -0.341998369, 0, 1, 0, .341998369, 0, .939700544)
			CFrameMon = CFrame["new"](1353.44885, 3.40935516, 1376.92029, .776053488, -6.97791975e-08, .630666852, 6.99138596e-08, 1, 2.4612488e-08, -0.630666852, 2.49917598e-08, .776053488)
			Next_Level_X = 10
		elseif game["Players"]["LocalPlayer"]["Data"]["Level"]["Value"] == 10 or game["Players"]["LocalPlayer"]["Data"]["Level"]["Value"] <= 100 then
			Ms = "Shanda"
			NameQuest = "SkyExp1Quest"
			QuestLv = 2
			NameMon = "Shanda"
			CFrameQ = CFrame["new"](-7859.09814, 5544.19043, -381.476196)
			CFrameMon = CFrame["new"](-7904.57373, 5584.37646, -459.62973)
			Next_Level_X = 75
		elseif game["Players"]["LocalPlayer"]["Data"]["Level"]["Value"] >= 60 and game["Players"]["LocalPlayer"]["Data"]["Level"]["Value"] <= 74 or SelectMonster == "Desert Bandit" then
			Ms = "Desert Bandit"
			NameQuest = "DesertQuest"
			QuestLv = 1
			NameMon = "Desert Bandit"
			CFrameQ = CFrame["new"](894.488647, 5.14000702, 4392.43359, .819155693, 0, -0.573571265, 0, 1, 0, .573571265, 0, .819155693)
			CFrameMon = CFrame["new"](932.788818, 6.8503746, 4488.24609, -0.998625934, 3.08948351e-08, .0524050146, 2.79967303e-08, 1, -5.60361286e-08, -0.0524050146, -5.44919629e-08, -0.998625934)
		elseif game["Players"]["LocalPlayer"]["Data"]["Level"]["Value"] >= 75 and game["Players"]["LocalPlayer"]["Data"]["Level"]["Value"] <= 89 or SelectMonster == "Desert Officer" then
			Ms = "Desert Officer"
			NameQuest = "DesertQuest"
			QuestLv = 2
			NameMon = "Desert Officer"
			CFrameQ = CFrame["new"](894.488647, 5.14000702, 4392.43359, .819155693, 0, -0.573571265, 0, 1, 0, .573571265, 0, .819155693)
			CFrameMon = CFrame["new"](1617.07886, 1.5542295, 4295.54932, -0.997540116, -2.26287735e-08, -0.070099175, -1.69377223e-08, 1, -8.17798806e-08, .070099175, -8.03913949e-08, -0.997540116)
			SelectMonster = "Desert Bandit"
			Next_Level_X = 90
		elseif game["Players"]["LocalPlayer"]["Data"]["Level"]["Value"] >= 90 and game["Players"]["LocalPlayer"]["Data"]["Level"]["Value"] <= 99 or SelectMonster == "Snow Bandit" then
			Ms = "Snow Bandit"
			NameQuest = "SnowQuest"
			QuestLv = 1
			NameMon = "Snow Bandit"
			CFrameQ = CFrame["new"](1389.74451, 86.6520844, -1298.90796, -0.342042685, 0, .939684391, 0, 1, 0, -0.939684391, 0, -0.342042685)
			CFrameMon = CFrame["new"](1412.92346, 55.3503647, -1260.62036, -0.246266365, -0.0169920288, -0.969053388, .000432241941, .999844253, -0.0176417865, .969202161, -0.00476344163, -0.246220857)
			if SelectMonster == "Snow Bandit" then
			else
				Next_Level_X = 100
			end
			if game["Players"]["LocalPlayer"]["Data"]["Level"]["Value"] >= 110 then
				SelectBoss_P = "Yeti"
			end
		elseif game["Players"]["LocalPlayer"]["Data"]["Level"]["Value"] == 100 or game["Players"]["LocalPlayer"]["Data"]["Level"]["Value"] <= 119 or SelectMonster == "Snowman" then
			Next_Level_X = 120
			Ms = "Snowman"
			NameQuest = "SnowQuest"
			QuestLv = 2
			NameMon = "Snowman"
			CFrameQ = CFrame["new"](1389.74451, 86.6520844, -1298.90796, -0.342042685, 0, .939684391, 0, 1, 0, -0.939684391, 0, -0.342042685)
			CFrameMon = CFrame["new"](1376.86401, 97.2779999, -1396.93115, -0.986755967, 7.71178321e-08, -0.162211925, 7.71531674e-08, 1, 6.08143536e-09, .162211925, -6.51427134e-09, -0.986755967)
			if game["Players"]["LocalPlayer"]["Data"]["Level"]["Value"] >= 110 then
				SelectBoss_P = "Yeti"
			end
			SelectMonster = "Snow Bandit"
		elseif game["Players"]["LocalPlayer"]["Data"]["Level"]["Value"] == 120 or game["Players"]["LocalPlayer"]["Data"]["Level"]["Value"] <= 174 or SelectMonster == "Chief Petty Officer" then
			Ms = "Chief Petty Officer"
			NameQuest = "MarineQuest2"
			QuestLv = 1
			NameMon = "Chief Petty Officer"
			CFrameQ = CFrame["new"](-5039.58643, 27.3500385, 4324.68018, 0, 0, -1, 0, 1, 0, 1, 0, 0)
			CFrameMon = CFrame["new"](-4882.8623, 22.6520386, 4255.53516, .273695946, -5.40380647e-08, -0.96181643, 4.37720793e-08, 1, -4.37274998e-08, .96181643, -3.01326679e-08, .273695946)
			if game["Players"]["LocalPlayer"]["Data"]["Level"]["Value"] >= 130 then
				SelectBoss_P = "Vice Admiral"
			end
			if SelectMonster == "Chief Petty Officer" then
			else
				Next_Level_X = 175
			end
		elseif SelectMonster == "Sky Bandit" then
			Ms = "Sky Bandit"
			NameQuest = "SkyQuest"
			QuestLv = 1
			NameMon = "Sky Bandit"
			CFrameQ = CFrame["new"](-4839.53027, 716.368591, -2619.44165, .866007268, 0, .500031412, 0, 1, 0, -0.500031412, 0, .866007268)
			CFrameMon = CFrame["new"](-4959.51367, 365.39267, -2974.56812, .964867651, 7.74418396e-08, .262737453, -6.95931988e-08, 1, -3.91783708e-08, -0.262737453, 1.95171506e-08, .964867651)
		elseif game["Players"]["LocalPlayer"]["Data"]["Level"]["Value"] == 175 or game["Players"]["LocalPlayer"]["Data"]["Level"]["Value"] <= 189 or SelectMonster == "Dark Master" then
			Ms = "Dark Master"
			NameQuest = "SkyQuest"
			QuestLv = 2
			NameMon = "Dark Master"
			CFrameQ = CFrame["new"](-4839.53027, 716.368591, -2619.44165, .866007268, 0, .500031412, 0, 1, 0, -0.500031412, 0, .866007268)
			CFrameMon = CFrame["new"](-5079.98096, 376.477356, -2194.17139, .465965867, -3.69776352e-08, .884802461, 3.40249851e-09, 1, 4.00000886e-08, -0.884802461, -1.56281423e-08, .465965867)
			SelectMonster = "Sky Bandit"
			if SelectMonster == "Dark Master" then
			else
				Next_Level_X = 190
			end
		elseif game["Players"]["LocalPlayer"]["Data"]["Level"]["Value"] == 190 or game["Players"]["LocalPlayer"]["Data"]["Level"]["Value"] <= 209 or SelectMonster == "Prisoner" then
			Ms = "Prisoner"
			QuestLv = 1
			NameQuest = "PrisonerQuest"
			NameMon = "Prisoner"
			CFrameQ = CFrame["new"](5308.93115, 1.65517521, 475.120514, -0.0894274712, -5.00292918e-09, -0.995993316, 1.60817859e-09, 1, -5.16744869e-09, .995993316, -2.06384709e-09, -0.0894274712)
			CFrameMon = CFrame["new"](5433.39307, 88.678093, 514.986877, .879988372, 0, -0.474995494, 0, 1, 0, .474995494, 0, .879988372)
			if game["Players"]["LocalPlayer"]["Data"]["Level"]["Value"] >= 220 then
				SelectBoss_P = "Warden"
			end
			if game["Players"]["LocalPlayer"]["Data"]["Level"]["Value"] >= 232 then
				SelectBoss_P = "Chief Warden"
			end
			if game["Players"]["LocalPlayer"]["Data"]["Level"]["Value"] >= 242 then
				SelectBoss_P = "Thunder God"
			end
			if SelectMonster == "Prisoner" then
			else
				Next_Level_X = 210
			end
			Bypass_TP_Dis = true
		elseif game["Players"]["LocalPlayer"]["Data"]["Level"]["Value"] == 210 or game["Players"]["LocalPlayer"]["Data"]["Level"]["Value"] <= 249 or SelectMonster == "Dangerous Prisoner" then
			if game["Players"]["LocalPlayer"]["Data"]["Level"]["Value"] >= 220 then
				SelectBoss_P = "Warden"
			end
			if game["Players"]["LocalPlayer"]["Data"]["Level"]["Value"] >= 232 then
				SelectBoss_P = "Chief Warden"
			end
			if game["Players"]["LocalPlayer"]["Data"]["Level"]["Value"] >= 242 then
				SelectBoss_P = "Thunder God"
			end
			Ms = "Dangerous Prisoner"
			QuestLv = 2
			NameQuest = "PrisonerQuest"
			NameMon = "Dangerous Prisoner"
			CFrameQ = CFrame["new"](5308.93115, 1.65517521, 475.120514, -0.0894274712, -5.00292918e-09, -0.995993316, 1.60817859e-09, 1, -5.16744869e-09, .995993316, -2.06384709e-09, -0.0894274712)
			CFrameMon = CFrame["new"](5433.39307, 88.678093, 514.986877, .879988372, 0, -0.474995494, 0, 1, 0, .474995494, 0, .879988372)
			SelectMonster = "Prisoner"
			Next_Level_X = 250
			Bypass_TP_Dis = true
		elseif game["Players"]["LocalPlayer"]["Data"]["Level"]["Value"] == 250 or game["Players"]["LocalPlayer"]["Data"]["Level"]["Value"] <= 274 or SelectMonster == "Toga Warrior" then
			Ms = "Toga Warrior"
			NameQuest = "ColosseumQuest"
			QuestLv = 1
			NameMon = "Toga Warrior"
			CFrameQ = CFrame["new"](-1576.11743, 7.38933945, -2983.30762, .576966345, 1.22114863e-09, .816767931, -3.58496594e-10, 1, -1.24185606e-09, -0.816767931, 4.2370063e-10, .576966345)
			CFrameMon = CFrame["new"](-1779.97583, 44.6077499, -2736.35474, .984437346, 4.10396339e-08, .175734788, -3.62286876e-08, 1, -3.05844168e-08, -0.175734788, 2.3741821e-08, .984437346)
			if SelectMonster == "Toga Warrior" then
			else
				Next_Level_X = 275
			end
		elseif game["Players"]["LocalPlayer"]["Data"]["Level"]["Value"] == 275 or game["Players"]["LocalPlayer"]["Data"]["Level"]["Value"] <= 299 or SelectMonster == "Gladiator" then
			Ms = "Gladiator"
			NameQuest = "ColosseumQuest"
			QuestLv = 2
			NameMon = "Gladiator"
			CFrameQ = CFrame["new"](-1576.11743, 7.38933945, -2983.30762, .576966345, 1.22114863e-09, .816767931, -3.58496594e-10, 1, -1.24185606e-09, -0.816767931, 4.2370063e-10, .576966345)
			CFrameMon = CFrame["new"](-1274.75903, 58.1895943, -3188.16309, .464524001, 6.21005611e-08, .885560572, -4.80449414e-09, 1, -6.76054768e-08, -0.885560572, 2.71497012e-08, .464524001)
			SelectMonster = "Toga Warrior"
			Next_Level_X = 300
		elseif game["Players"]["LocalPlayer"]["Data"]["Level"]["Value"] == 300 or game["Players"]["LocalPlayer"]["Data"]["Level"]["Value"] <= 324 or SelectMonster == "Military Soldier" then
			if game["Players"]["LocalPlayer"]["Data"]["Level"]["Value"] >= 350 then
				SelectBoss_P = "Magma Admiral"
			end
			Ms = "Military Soldier"
			NameQuest = "MagmaQuest"
			QuestLv = 1
			NameMon = "Military Soldier"
			CFrameQ = CFrame["new"](-5316.55859, 12.2370615, 8517.2998, .588437557, -1.37880001e-08, -0.808542669, -2.10116209e-08, 1, -3.23446478e-08, .808542669, 3.60215964e-08, .588437557)
			CFrameMon = CFrame["new"](-5363.01123, 41.5056877, 8548.47266, -0.578253984, -3.29503091e-10, .815856814, 9.11209668e-08, 1, 6.498761e-08, -0.815856814, 1.11920997e-07, -0.578253984)
			if SelectMonster == "Military Soldier" then
			else
				Next_Level_X = 325
			end
		elseif game["Players"]["LocalPlayer"]["Data"]["Level"]["Value"] == 325 or game["Players"]["LocalPlayer"]["Data"]["Level"]["Value"] <= 374 or SelectMonster == "Military Spy" then
			if game["Players"]["LocalPlayer"]["Data"]["Level"]["Value"] >= 350 then
				SelectBoss_P = "Magma Admiral"
			end
			Ms = "Military Spy"
			NameQuest = "MagmaQuest"
			QuestLv = 2
			NameMon = "Military Spy"
			CFrameQ = CFrame["new"](-5316.55859, 12.2370615, 8517.2998, .588437557, -1.37880001e-08, -0.808542669, -2.10116209e-08, 1, -3.23446478e-08, .808542669, 3.60215964e-08, .588437557)
			CFrameMon = CFrame["new"](-5787.99023, 120.864456, 8762.25293, -0.188358366, -1.84706277e-08, .982100308, -1.23782129e-07, 1, -4.93306951e-09, -0.982100308, -1.22495649e-07, -0.188358366)
			SelectMonster = "Military Soldier"
			Next_Level_X = 375
		elseif game["Players"]["LocalPlayer"]["Data"]["Level"]["Value"] == 375 or game["Players"]["LocalPlayer"]["Data"]["Level"]["Value"] <= 399 or SelectMonster == "Fishman Warrior" then
			if game["Players"]["LocalPlayer"]["Data"]["Level"]["Value"] >= 425 then
				SelectBoss_P = "Fishman Lord"
			end
			Ms = "Fishman Warrior"
			NameQuest = "FishmanQuest"
			QuestLv = 1
			NameMon = "Fishman Warrior"
			CFrameQ = CFrame["new"](61122.5625, 18.4716396, 1568.16504)
			CFrameMon = CFrame["new"](60946.6094, 48.6735229, 1525.91687, -0.0817126185, 8.90751153e-08, .996655822, 2.00889794e-08, 1, -8.77269599e-08, -0.996655822, 1.28533992e-08, -0.0817126185)
			if SelectMonster == "Fishman Warrior" then
			else
				Next_Level_X = 400
			end
		elseif game["Players"]["LocalPlayer"]["Data"]["Level"]["Value"] == 400 or game["Players"]["LocalPlayer"]["Data"]["Level"]["Value"] <= 449 or SelectMonster == "Fishman Commando" then
			if game["Players"]["LocalPlayer"]["Data"]["Level"]["Value"] >= 425 then
				SelectBoss_P = "Fishman Lord"
			end
			Ms = "Fishman Commando"
			NameQuest = "FishmanQuest"
			QuestLv = 2
			NameMon = "Fishman Commando"
			CFrameQ = CFrame["new"](61122.5625, 18.4716396, 1568.16504)
			CFrameMon = CFrame["new"](61902.7383, 18.4828358, 1478.33936, -0.803795099, 0, -0.594906271, 0, 1, 0, .594906271, 0, -0.803795099)
			if SelectMonster == "Fishman Commando" then
			else
				Next_Level_X = 450
			end
			SelectMonster = "Fishman Warrior"
		elseif game["Players"]["LocalPlayer"]["Data"]["Level"]["Value"] == 450 or game["Players"]["LocalPlayer"]["Data"]["Level"]["Value"] <= 474 or SelectMonster == "God's Guard" then
			Ms = "God's Guard"
			NameQuest = "SkyExp1Quest"
			QuestLv = 1
			NameMon = "God's Guards"
			CFrameQ = CFrame["new"](-4721.71436, 845.277161, -1954.20105)
			CFrameMon = CFrame["new"](-4716.95703, 853.089722, -1933.925427)
			if SelectMonster == "God's Guard" then
			else
				Next_Level_X = 475
			end
			SelectMonster = "Fishman Commando"
		elseif game["Players"]["LocalPlayer"]["Data"]["Level"]["Value"] == 475 or game["Players"]["LocalPlayer"]["Data"]["Level"]["Value"] <= 524 or SelectMonster == "Shanda" then
			Ms = "Shanda"
			NameQuest = "SkyExp1Quest"
			QuestLv = 2
			NameMon = "Shandas"
			CFrameQ = CFrame["new"](-7859.09814, 5544.19043, -381.476196)
			CFrameMon = CFrame["new"](-7904.57373, 5584.37646, -459.62973)
			if game["Players"]["LocalPlayer"]["Data"]["Level"]["Value"] >= 500 then
				SelectBoss_P = "Wysper"
			end
			if SelectMonster == "Shanda" then
			else
				Next_Level_X = 525
			end
			SelectMonster = "God's Guard"
		elseif game["Players"]["LocalPlayer"]["Data"]["Level"]["Value"] == 525 or game["Players"]["LocalPlayer"]["Data"]["Level"]["Value"] <= 549 or SelectMonster == "Royal Squad" then
			Ms = "Royal Squad"
			NameQuest = "SkyExp2Quest"
			QuestLv = 1
			NameMon = "Royal Squad"
			CFrameQ = CFrame["new"](-7906.81592, 5634.6626, -1411.99194, 0, 0, -1, 0, 1, 0, 1, 0, 0)
			CFrameMon = CFrame["new"](-7555.04199, 5606.90479, -1303.24744, -0.896107852, -9.6057462e-10, -0.443836004, -4.24974544e-09, 1, 6.41599973e-09, .443836004, 7.63560326e-09, -0.896107852)
			if SelectMonster == "Royal Squad" then
			else
				Next_Level_X = 550
			end
			SelectMonster = "Shanda"
		elseif game["Players"]["LocalPlayer"]["Data"]["Level"]["Value"] == 550 or game["Players"]["LocalPlayer"]["Data"]["Level"]["Value"] <= 624 or SelectMonster == "Royal Soldier" then
			if game["Players"]["LocalPlayer"]["Data"]["Level"]["Value"] >= 575 then
				SelectBoss_P = "Thunder God"
			end
			Ms = "Royal Soldier"
			NameQuest = "SkyExp2Quest"
			QuestLv = 2
			NameMon = "Royal Soldier"
			CFrameQ = CFrame["new"](-7906.81592, 5634.6626, -1411.99194, 0, 0, -1, 0, 1, 0, 1, 0, 0)
			CFrameMon = CFrame["new"](-7837.31152, 5649.65186, -1791.08582, -0.716008604, .0104285581, -0.698013008, 5.02521061e-06, .99988848, .0149335321, .69809103, .0106890313, -0.715928733)
			if SelectMonster == "Royal Soldier" then
			else
				Next_Level_X = 625
			end
			SelectMonster = "Royal Squad"
		elseif game["Players"]["LocalPlayer"]["Data"]["Level"]["Value"] == 625 or game["Players"]["LocalPlayer"]["Data"]["Level"]["Value"] <= 649 or SelectMonster == "Galley Pirate" then
			Ms = "Galley Pirate"
			NameQuest = "FountainQuest"
			QuestLv = 1
			NameMon = "Galley Pirate"
			CFrameQ = CFrame["new"](5259.81982, 37.3500175, 4050.0293, .087131381, 0, .996196866, 0, 1, 0, -0.996196866, 0, .087131381)
			CFrameMon = CFrame["new"](5569.80518, 38.5269432, 3849.01196, .896460414, 3.98027495e-08, .443124533, -1.34262139e-08, 1, -6.26611296e-08, -0.443124533, 5.02237434e-08, .896460414)
			if SelectMonster == "Galley Pirate" then
			else
				Next_Level_X = 650
			end
		elseif game["Players"]["LocalPlayer"]["Data"]["Level"]["Value"] >= 650 or SelectMonster == "Galley Captain" then
			if game["Players"]["LocalPlayer"]["Data"]["Level"]["Value"] >= 675 then
				SelectBoss_P = "Cyborg"
			end
			Ms = "Galley Captain"
			NameQuest = "FountainQuest"
			QuestLv = 2
			NameMon = "Galley Captain"
			CFrameQ = CFrame["new"](5259.81982, 37.3500175, 4050.0293, .087131381, 0, .996196866, 0, 1, 0, -0.996196866, 0, .087131381)
			CFrameMon = CFrame["new"](5782.90186, 94.5326462, 4716.78174, .361808896, -1.24757526e-06, -0.932252586, 2.16989656e-06, 1, -4.96097414e-07, .932252586, -1.84339774e-06, .361808896)
			SelectMonster = "Galley Pirate"
			Next_Level_X = 9999
		end
	end
	if New_World then
		if game["Players"]["LocalPlayer"]["Data"]["Level"]["Value"] == 700 or game["Players"]["LocalPlayer"]["Data"]["Level"]["Value"] <= 724 or SelectMonster == "Raider" then
			Ms = "Raider"
			NameQuest = "Area1Quest"
			QuestLv = 1
			NameMon = "Raider"
			CFrameQ = CFrame["new"](-429.543518, 71.7699966, 1836.18188, -0.22495985, 0, -0.974368095, 0, 1, 0, .974368095, 0, -0.22495985)
			CFrameMon = CFrame["new"](-737.026123, 10.1748352, 2392.57959, .272128761, 0, -0.962260842, 0, 1, 0, .962260842, 0, .272128761)
			if SelectMonster == "Raider" then
			else
				Next_Level_X = 725
			end
		elseif game["Players"]["LocalPlayer"]["Data"]["Level"]["Value"] == 725 or game["Players"]["LocalPlayer"]["Data"]["Level"]["Value"] <= 774 or SelectMonster == "Mercenary" then
			if game["Players"]["LocalPlayer"]["Data"]["Level"]["Value"] >= 750 then
				SelectBoss_P = "Diamond"
			end
			Ms = "Mercenary"
			NameQuest = "Area1Quest"
			QuestLv = 2
			NameMon = "Mercenary"
			CFrameQ = CFrame["new"](-429.543518, 71.7699966, 1836.18188, -0.22495985, 0, -0.974368095, 0, 1, 0, .974368095, 0, -0.22495985)
			CFrameMon = CFrame["new"](-1022.21271, 72.9855194, 1891.39148, -0.990782857, 0, -0.135460541, 0, 1, 0, .135460541, 0, -0.990782857)
			if SelectMonster == "Mercenary" then
			else
				Next_Level_X = 775
			end
			SelectMonster = "Raider"
		elseif game["Players"]["LocalPlayer"]["Data"]["Level"]["Value"] == 775 or game["Players"]["LocalPlayer"]["Data"]["Level"]["Value"] <= 799 or SelectMonster == "Swan Pirate" then
			Ms = "Swan Pirate"
			NameQuest = "Area2Quest"
			QuestLv = 1
			NameMon = "Swan Pirate"
			CFrameQ = CFrame["new"](638.43811, 71.769989, 918.282898, .139203906, 0, .99026376, 0, 1, 0, -0.99026376, 0, .139203906)
			CFrameMon = CFrame["new"](976.467651, 111.174057, 1229.1084, .00852567982, -4.73897828e-08, -0.999963999, 1.12251888e-08, 1, -4.7295778e-08, .999963999, -1.08215579e-08, .00852567982)
			if SelectMonster == "Swan Pirate" then
			else
				Next_Level_X = 800
			end
		elseif game["Players"]["LocalPlayer"]["Data"]["Level"]["Value"] == 800 or game["Players"]["LocalPlayer"]["Data"]["Level"]["Value"] <= 874 or SelectMonster == "Factory Staff" then
			Ms = "Factory Staff"
			NameQuest = "Area2Quest"
			QuestLv = 2
			NameMon = "Factory Staff"
			CFrameQ = CFrame["new"](638.43811, 71.769989, 918.282898, .139203906, 0, .99026376, 0, 1, 0, -0.99026376, 0, .139203906)
			CFrameMon = CFrame["new"](336.74585, 73.1620483, -224.129272, .993632793, 3.40154607e-08, .112668738, -3.87658332e-08, 1, 3.99718729e-08, -0.112668738, -4.40850592e-08, .993632793)
			if SelectMonster == "Factory Staff" then
			else
				Next_Level_X = 875
			end
			if game["Players"]["LocalPlayer"]["Data"]["Level"]["Value"] >= 850 then
				SelectBoss_P = "Jeremy"
			end
			SelectMonster = "Swan Pirate"
		elseif game["Players"]["LocalPlayer"]["Data"]["Level"]["Value"] == 875 or game["Players"]["LocalPlayer"]["Data"]["Level"]["Value"] <= 899 or SelectMonster == "Marine Lieutenant" then
			Ms = "Marine Lieutenant"
			NameQuest = "MarineQuest3"
			QuestLv = 1
			NameMon = "Marine Lieutenant"
			CFrameQ = CFrame["new"](-2440.79639, 71.7140732, -3216.06812, .866007268, 0, .500031412, 0, 1, 0, -0.500031412, 0, .866007268)
			CFrameMon = CFrame["new"](-2842.69922, 72.9919434, -2901.90479, -0.762281299, 0, -0.64724648, 0, 1.00000012, 0, .64724648, 0, -0.762281299)
			if SelectMonster == "Marine Lieutenant" then
			else
				Next_Level_X = 900
			end
		elseif game["Players"]["LocalPlayer"]["Data"]["Level"]["Value"] == 900 or game["Players"]["LocalPlayer"]["Data"]["Level"]["Value"] <= 949 or SelectMonster == "Marine Captain" then
			Ms = "Marine Captain"
			NameQuest = "MarineQuest3"
			QuestLv = 2
			NameMon = "Marine Captain"
			CFrameQ = CFrame["new"](-2440.79639, 71.7140732, -3216.06812, .866007268, 0, .500031412, 0, 1, 0, -0.500031412, 0, .866007268)
			CFrameMon = CFrame["new"](-1814.70313, 72.9919434, -3208.86621, -0.900422215, 7.93464423e-08, -0.435017526, 3.68856199e-08, 1, 1.06050372e-07, .435017526, 7.94441988e-08, -0.900422215)
			if game["Players"]["LocalPlayer"]["Data"]["Level"]["Value"] >= 925 then
				SelectBoss_P = "Fajita"
			end
			if SelectMonster == "Marine Captain" then
			else
				Next_Level_X = 950
			end
			SelectMonster = "Marine Lieutenant"
		elseif game["Players"]["LocalPlayer"]["Data"]["Level"]["Value"] == 950 or game["Players"]["LocalPlayer"]["Data"]["Level"]["Value"] <= 974 or SelectMonster == "Zombie" then
			Ms = "Zombie"
			NameQuest = "ZombieQuest"
			QuestLv = 1
			NameMon = "Zombie"
			CFrameQ = CFrame["new"](-5497.06152, 47.5923004, -795.237061, -0.29242146, 0, -0.95628953, 0, 1, 0, .95628953, 0, -0.29242146)
			CFrameMon = CFrame["new"](-5649.23438, 126.0578, -737.773743, .355238914, -8.10359282e-08, .934775114, 1.65461245e-08, 1, 8.04023372e-08, -0.934775114, -1.3095117e-08, .355238914)
			if SelectMonster == "Zombie" then
			else
				Next_Level_X = 975
			end
			Bypass_TP_Dis = true
		elseif game["Players"]["LocalPlayer"]["Data"]["Level"]["Value"] == 975 or game["Players"]["LocalPlayer"]["Data"]["Level"]["Value"] <= 999 or SelectMonster == "Vampire" then
			Ms = "Vampire"
			NameQuest = "ZombieQuest"
			QuestLv = 2
			NameMon = "Vampire"
			CFrameQ = CFrame["new"](-5497.06152, 47.5923004, -795.237061, -0.29242146, 0, -0.95628953, 0, 1, 0, .95628953, 0, -0.29242146)
			CFrameMon = CFrame["new"](-6030.32031, .4377408, -1313.5564, -0.856965423, 3.9138893e-08, -0.515373945, -1.12178942e-08, 1, 9.45958547e-08, .515373945, 8.68467822e-08, -0.856965423)
			if SelectMonster == "Vampire" then
			else
				Next_Level_X = 1000
			end
			Bypass_TP_Dis = true
			SelectMonster = "Zombie"
		elseif game["Players"]["LocalPlayer"]["Data"]["Level"]["Value"] == 1000 or game["Players"]["LocalPlayer"]["Data"]["Level"]["Value"] <= 1049 or SelectMonster == "Snow Trooper" then
			Ms = "Snow Trooper"
			NameQuest = "SnowMountainQuest"
			QuestLv = 1
			NameMon = "Snow Trooper"
			CFrameQ = CFrame["new"](609.858826, 400.119904, -5372.25928, -0.374604106, 0, .92718488, 0, 1, 0, -0.92718488, 0, -0.374604106)
			CFrameMon = CFrame["new"](621.003418, 391.361053, -5335.43604, .481644779, 0, .876366913, 0, 1, 0, -0.876366913, 0, .481644779)
			if SelectMonster == "Snow Trooper" then
			else
				Next_Level_X = 1050
			end
		elseif game["Players"]["LocalPlayer"]["Data"]["Level"]["Value"] == 1050 or game["Players"]["LocalPlayer"]["Data"]["Level"]["Value"] <= 1099 or SelectMonster == "Winter Warrior" then
			Ms = "Winter Warrior"
			NameQuest = "SnowMountainQuest"
			QuestLv = 2
			NameMon = "Winter Warrior"
			CFrameQ = CFrame["new"](609.858826, 400.119904, -5372.25928, -0.374604106, 0, .92718488, 0, 1, 0, -0.92718488, 0, -0.374604106)
			CFrameMon = CFrame["new"](1295.62683, 429.447784, -5087.04492, -0.698032081, -8.28980049e-08, -0.71606636, -1.98835952e-08, 1, -9.63858184e-08, .71606636, -5.30424877e-08, -0.698032081)
			if SelectMonster == "Winter Warrior" then
			else
				Next_Level_X = 1100
			end
			SelectMonster = "Snow Trooper"
		elseif game["Players"]["LocalPlayer"]["Data"]["Level"]["Value"] == 1100 or game["Players"]["LocalPlayer"]["Data"]["Level"]["Value"] <= 1124 or SelectMonster == "Lab Subordinate" then
			Ms = "Lab Subordinate"
			NameQuest = "IceSideQuest"
			QuestLv = 1
			NameMon = "Lab Subordinate"
			CFrameQ = CFrame["new"](-6064.06885, 15.2422857, -4902.97852, .453972578, 0, -0.891015649, 0, 1, 0, .891015649, 0, .453972578)
			CFrameMon = CFrame["new"](-5769.2041, 37.9288292, -4468.38721, -0.569419742, -2.49055017e-08, .822046936, -6.96206541e-08, 1, -1.79282633e-08, -0.822046936, -6.74401548e-08, -0.569419742)
			if SelectMonster == "Lab Subordinate" then
			else
				Next_Level_X = 1125
			end
		elseif game["Players"]["LocalPlayer"]["Data"]["Level"]["Value"] == 1125 or game["Players"]["LocalPlayer"]["Data"]["Level"]["Value"] <= 1174 or SelectMonster == "Horned Warrior" then
			if game["Players"]["LocalPlayer"]["Data"]["Level"]["Value"] >= 1150 then
				SelectBoss_P = "Smoke Admiral"
			end
			Ms = "Horned Warrior"
			NameQuest = "IceSideQuest"
			QuestLv = 2
			NameMon = "Horned Warrior"
			CFrameQ = CFrame["new"](-6064.06885, 15.2422857, -4902.97852, .453972578, 0, -0.891015649, 0, 1, 0, .891015649, 0, .453972578)
			CFrameMon = CFrame["new"](-6401.27979, 15.9775667, -5948.24316, .388303697, 0, -0.921531856, 0, 1, 0, .921531856, 0, .388303697)
			if SelectMonster == "Horned Warrior" then
			else
				Next_Level_X = 1175
			end
			SelectMonster = "Lab Subordinate"
		elseif game["Players"]["LocalPlayer"]["Data"]["Level"]["Value"] == 1175 or game["Players"]["LocalPlayer"]["Data"]["Level"]["Value"] <= 1199 or SelectMonster == "Magma Ninja" then
			Ms = "Magma Ninja"
			NameQuest = "FireSideQuest"
			QuestLv = 1
			NameMon = "Magma Ninja"
			CFrameQ = CFrame["new"](-5428.03174, 15.0622921, -5299.43457, -0.882952213, 0, .469463557, 0, 1, 0, -0.469463557, 0, -0.882952213)
			CFrameMon = CFrame["new"](-5466.06445, 57.6952019, -5837.42822, -0.988835871, 0, -0.149006829, 0, 1, 0, .149006829, 0, -0.988835871)
			if SelectMonster == "Magma Ninja" then
			else
				Next_Level_X = 1200
			end
		elseif game["Players"]["LocalPlayer"]["Data"]["Level"]["Value"] == 1200 or game["Players"]["LocalPlayer"]["Data"]["Level"]["Value"] <= 1249 or SelectMonster == "Lava Pirate" then
			Ms = "Lava Pirate"
			NameQuest = "FireSideQuest"
			QuestLv = 2
			NameMon = "Lava Pirate"
			CFrameQ = CFrame["new"](-5431.09473, 15.9868021, -5296.53223, .831796765, 1.15322464e-07, -0.555080295, -1.10814341e-07, 1, 4.17010995e-08, .555080295, 2.68240168e-08, .831796765)
			CFrameMon = CFrame["new"](-5169.71729, 34.1234779, -4669.73633, -0.196780294, 0, .98044765, 0, 1.00000012, 0, -0.98044765, 0, -0.196780294)
			if SelectMonster == "Lava Pirate" then
			else
				Next_Level_X = 1250
			end
			SelectMonster = "Magma Ninja"
		elseif game["Players"]["LocalPlayer"]["Data"]["Level"]["Value"] == 1250 or game["Players"]["LocalPlayer"]["Data"]["Level"]["Value"] <= 1274 or SelectMonster == "Ship Deckhand" then
			Ms = "Ship Deckhand"
			NameQuest = "ShipQuest1"
			QuestLv = 1
			NameMon = "Ship Deckhand"
			CFrameQ = CFrame["new"](1037.80127, 125.092171, 32911.6016, -0.244533166, 0, -0.969640911, 0, 1.00000012, 0, .96964103, 0, -0.244533136)
			CFrameMon = CFrame["new"](1163.80872, 138.288452, 33058.4258, -0.998580813, 5.49076979e-08, -0.0532564968, 5.57436763e-08, 1, -1.42118655e-08, .0532564968, -1.71604082e-08, -0.998580813)
			if SelectMonster == "Ship Deckhand" then
			else
				Next_Level_X = 1275
			end
		elseif game["Players"]["LocalPlayer"]["Data"]["Level"]["Value"] == 1275 or game["Players"]["LocalPlayer"]["Data"]["Level"]["Value"] <= 1299 or SelectMonster == "Ship Engineer" then
			Ms = "Ship Engineer"
			NameQuest = "ShipQuest1"
			QuestLv = 2
			NameMon = "Ship Engineer"
			CFrameQ = CFrame["new"](1037.80127, 125.092171, 32911.6016, -0.244533166, 0, -0.969640911, 0, 1.00000012, 0, .96964103, 0, -0.244533136)
			CFrameMon = CFrame["new"](921.30249023438, 125.400390625, 32937.34375)
			if SelectMonster == "Ship Engineer" then
			else
				Next_Level_X = 1300
			end
			SelectMonster = "Ship Deckhand"
		elseif game["Players"]["LocalPlayer"]["Data"]["Level"]["Value"] == 1300 or game["Players"]["LocalPlayer"]["Data"]["Level"]["Value"] <= 1324 or SelectMonster == "Ship Steward" then
			Ms = "Ship Steward"
			NameQuest = "ShipQuest2"
			QuestLv = 1
			NameMon = "Ship Steward"
			CFrameQ = CFrame["new"](968.80957, 125.092171, 33244.125, -0.869560242, 1.51905191e-08, -0.493826836, 1.44108379e-08, 1, 5.38534195e-09, .493826836, -2.43357912e-09, -0.869560242)
			CFrameMon = CFrame["new"](917.96057128906, 136.89932250977, 33343.4140625)
			if SelectMonster == "Ship Steward" then
			else
				Next_Level_X = 1325
			end
			SelectMonster = "Ship Deckhand"
		elseif game["Players"]["LocalPlayer"]["Data"]["Level"]["Value"] == 1325 or game["Players"]["LocalPlayer"]["Data"]["Level"]["Value"] <= 1349 or SelectMonster == "Ship Officer" then
			Ms = "Ship Officer"
			NameQuest = "ShipQuest2"
			QuestLv = 2
			NameMon = "Ship Officer"
			CFrameQ = CFrame["new"](968.80957, 125.092171, 33244.125, -0.869560242, 1.51905191e-08, -0.493826836, 1.44108379e-08, 1, 5.38534195e-09, .493826836, -2.43357912e-09, -0.869560242)
			CFrameMon = CFrame["new"](944.44964599609, 181.40081787109, 33278.9453125)
			if SelectMonster == "Ship Officer" then
			else
				Next_Level_X = 1350
			end
			SelectMonster = "Ship Steward"
		elseif game["Players"]["LocalPlayer"]["Data"]["Level"]["Value"] == 1350 or game["Players"]["LocalPlayer"]["Data"]["Level"]["Value"] <= 1374 or SelectMonster == "Arctic Warrior" then
			Ms = "Arctic Warrior"
			NameQuest = "FrostQuest"
			QuestLv = 1
			NameMon = "Arctic Warrior"
			CFrameQ = CFrame["new"](5667.6582, 26.7997818, -6486.08984, -0.933587909, 0, -0.358349502, 0, 1, 0, .358349502, 0, -0.933587909)
			CFrameMon = CFrame["new"](5878.23486, 81.3886948, -6136.35596, -0.451037169, 2.3908234e-07, .892505825, -1.08168464e-07, 1, -3.22542007e-07, -0.892505825, -2.4201924e-07, -0.451037169)
			if SelectMonster == "Arctic Warrior" then
			else
				Next_Level_X = 1375
			end
		elseif game["Players"]["LocalPlayer"]["Data"]["Level"]["Value"] == 1375 or game["Players"]["LocalPlayer"]["Data"]["Level"]["Value"] <= 1424 or SelectMonster == "Snow Lurker" then
			if game["Players"]["LocalPlayer"]["Data"]["Level"]["Value"] >= 1400 then
				SelectBoss_P = "Awakened Ice Admiral"
			end
			Ms = "Snow Lurker"
			NameQuest = "FrostQuest"
			QuestLv = 2
			NameMon = "Snow Lurker"
			CFrameQ = CFrame["new"](5667.6582, 26.7997818, -6486.08984, -0.933587909, 0, -0.358349502, 0, 1, 0, .358349502, 0, -0.933587909)
			CFrameMon = CFrame["new"](5513.36865, 60.546711, -6809.94971, -0.958693981, -1.65617333e-08, .284439981, -4.07668654e-09, 1, 4.44854642e-08, -0.284439981, 4.14883701e-08, -0.958693981)
			if SelectMonster == "Snow Lurker" then
			else
				Next_Level_X = 1450
			end
			SelectMonster = "Arctic Warrior"
		elseif game["Players"]["LocalPlayer"]["Data"]["Level"]["Value"] == 1425 or game["Players"]["LocalPlayer"]["Data"]["Level"]["Value"] <= 1449 or SelectMonster == "Sea Soldier" then
			Ms = "Sea Soldier"
			NameQuest = "ForgottenQuest"
			QuestLv = 1
			NameMon = "Sea Soldier"
			CFrameQ = CFrame["new"](-3054.44458, 235.544281, -10142.8193, .990270376, 0, -0.13915664, 0, 1, 0, .13915664, 0, .990270376)
			CFrameMon = CFrame["new"](-3115.78223, 63.8785706, -9808.38574, -0.913427353, 3.11199457e-08, .407000452, 7.79564235e-09, 1, -5.89660658e-08, -0.407000452, -5.06883708e-08, -0.913427353)
			if SelectMonster == "Sea Soldier" then
			else
				Next_Level_X = 1450
			end
		elseif game["Players"]["LocalPlayer"]["Data"]["Level"]["Value"] >= 1450 or SelectMonster == "Water Fighter" then
			if game["Players"]["LocalPlayer"]["Data"]["Level"]["Value"] >= 1475 then
				SelectBoss_P = "Tide Keeper"
			end
			Ms = "Water Fighter"
			NameQuest = "ForgottenQuest"
			QuestLv = 2
			NameMon = "Water Fighter"
			CFrameQ = CFrame["new"](-3054.44458, 235.544281, -10142.8193, .990270376, 0, -0.13915664, 0, 1, 0, .13915664, 0, .990270376)
			CFrameMon = CFrame["new"](-3212.99683, 263.809296, -10551.8799, .742111444, -5.59139615e-08, -0.670276582, 1.69155214e-08, 1, -6.46908234e-08, .670276582, 3.66697037e-08, .742111444)
			if SelectMonster == "Water Fighter" then
			else
				Next_Level_X = 9999
			end
			SelectMonster = "Sea Soldier"
		end
	end
	if Three_World then
		if game["Players"]["LocalPlayer"]["Data"]["Level"]["Value"] >= 1500 and game["Players"]["LocalPlayer"]["Data"]["Level"]["Value"] <= 1524 or SelectMonster == "Pirate Millionaire" then
			Ms = "Pirate Millionaire"
			NameQuest = "PiratePortQuest"
			QuestLv = 1
			NameMon = "Pirate Millionaire"
			CFrameQ = CFrame["new"](-290.074677, 42.9034653, 5581.58984, .965929627, 0, -0.258804798, 0, 1, 0, .258804798, 0, .965929627)
			CFrameMon = CFrame["new"](81.164993286133, 43.755737304688, 5724.7021484375)
			if SelectMonster == "Pirate Millionaire" then
			else
				Next_Level_X = 1525
			end
		elseif game["Players"]["LocalPlayer"]["Data"]["Level"]["Value"] >= 1525 and game["Players"]["LocalPlayer"]["Data"]["Level"]["Value"] <= 1574 or SelectMonster == "Pistol Billionaire" then
			if game["Players"]["LocalPlayer"]["Data"]["Level"]["Value"] >= 1550 then
				SelectBoss_P = "Stone"
			end
			Ms = "Pistol Billionaire"
			NameQuest = "PiratePortQuest"
			QuestLv = 2
			NameMon = "Pistol Billionaire"
			CFrameQ = CFrame["new"](-290.074677, 42.9034653, 5581.58984, .965929627, 0, -0.258804798, 0, 1, 0, .258804798, 0, .965929627)
			CFrameMon = CFrame["new"](81.164993286133, 43.755737304688, 5724.7021484375)
			if SelectMonster == "Pistol Billionaire" then
			else
				Next_Level_X = 1575
			end
			SelectMonster = "Pirate Millionaire"
		elseif game["Players"]["LocalPlayer"]["Data"]["Level"]["Value"] >= 1575 and game["Players"]["LocalPlayer"]["Data"]["Level"]["Value"] <= 1599 or SelectMonster == "Dragon Crew Warrior" then
			Ms = "Dragon Crew Warrior"
			NameQuest = "AmazonQuest"
			QuestLv = 1
			NameMon = "Dragon Crew Warrior"
			CFrameQ = CFrame["new"](5832.83594, 51.6806107, -1101.51563, .898790359, 0, -0.438378751, 0, 1, 0, .438378751, 0, .898790359)
			CFrameMon = CFrame["new"](6241.9951171875, 51.522083282471, -1243.9771728516)
			if SelectMonster == "Dragon Crew Warrior" then
			else
				Next_Level_X = 1600
			end
		elseif game["Players"]["LocalPlayer"]["Data"]["Level"]["Value"] >= 1600 and game["Players"]["LocalPlayer"]["Data"]["Level"]["Value"] <= 1624 or SelectMonster == "Dragon Crew Archer" then
			Ms = "Dragon Crew Archer"
			NameQuest = "AmazonQuest"
			QuestLv = 2
			NameMon = "Dragon Crew Archer"
			CFrameQ = CFrame["new"](5832.83594, 51.6806107, -1101.51563, .898790359, 0, -0.438378751, 0, 1, 0, .438378751, 0, .898790359)
			CFrameMon = CFrame["new"](6488.9155273438, 383.38375854492, -110.66246032715)
			if SelectMonster == "Dragon Crew Archer" then
			else
				Next_Level_X = 1625
			end
			SelectMonster = "Dragon Crew Warrior"
		elseif game["Players"]["LocalPlayer"]["Data"]["Level"]["Value"] >= 1625 and game["Players"]["LocalPlayer"]["Data"]["Level"]["Value"] <= 1649 or SelectMonster == "Female Islander" then
			Ms = "Female Islander"
			NameQuest = "AmazonQuest2"
			QuestLv = 1
			NameMon = "Female Islander"
			CFrameQ = CFrame["new"](5448.86133, 601.516174, 751.130676, 0, 0, 1, 0, 1, 0, -1, 0, 0)
			CFrameMon = CFrame["new"](4770.4990234375, 758.95520019531, 1069.8680419922)
			if SelectMonster == "Female Islander" then
			else
				Next_Level_X = 1650
			end
		elseif game["Players"]["LocalPlayer"]["Data"]["Level"]["Value"] >= 1650 and game["Players"]["LocalPlayer"]["Data"]["Level"]["Value"] <= 1699 or SelectMonster == "Giant Islander" then
			Ms = "Giant Islander"
			NameQuest = "AmazonQuest2"
			QuestLv = 2
			NameMon = "Giant Islander"
			CFrameQ = CFrame["new"](5448.86133, 601.516174, 751.130676, 0, 0, 1, 0, 1, 0, -1, 0, 0)
			CFrameMon = CFrame["new"](4530.3540039063, 656.75695800781, -131.60952758789)
			if game["Players"]["LocalPlayer"]["Data"]["Level"]["Value"] >= 1675 then
				SelectBoss_P = "Island Empress"
			end
			if SelectMonster == "Giant Islander" then
			else
				Next_Level_X = 1700
			end
			SelectMonster = "Female Islander"
		elseif game["Players"]["LocalPlayer"]["Data"]["Level"]["Value"] >= 1700 and game["Players"]["LocalPlayer"]["Data"]["Level"]["Value"] <= 1774 or SelectMonster == "Marine Commodore" then
			Ms = "Marine Commodore"
			NameQuest = "MarineTreeIsland"
			QuestLv = 1
			NameMon = "Marine Commodore"
			CFrameQ = CFrame["new"](2180.54126, 27.8156815, -6741.5498, -0.965929747, 0, .258804798, 0, 1, 0, -0.258804798, 0, -0.965929747)
			CFrameMon = CFrame["new"](2490.0844726563, 190.4232635498, -7160.0502929688)
			if game["Players"]["LocalPlayer"]["Data"]["Level"]["Value"] >= 1750 then
				SelectBoss_P = "Kilo Admiral"
			end
			if SelectMonster == "Marine Commodore" then
			else
				Next_Level_X = 1775
			end
		elseif game["Players"]["LocalPlayer"]["Data"]["Level"]["Value"] >= 1775 and game["Players"]["LocalPlayer"]["Data"]["Level"]["Value"] <= 1799 or SelectMonster == "Fishman Raider" then
			Ms = "Fishman Raider"
			NameQuest = "DeepForestIsland3"
			QuestLv = 1
			NameMon = "Fishman Raider"
